CHARACTERS,A,ADV,C,D,N,P,PRO,V,TOTAL
t,0.10381005233798667,0.04842938199075713,0.04947231444892023,0.03652416445801001,0.321670509888722,0.261752126529714,0.05926296250227244,0.11907848784361753,418052
h,0.06112418851764669,0.050615418847860964,0.04188283424484809,0.08129462420998801,0.1704278849344373,0.33140100012882223,0.15854110794911133,0.1047129411672854,256167
e,0.115852865627834,0.06570754501899047,0.01066134809563295,0.012880421657752656,0.353849349561505,0.14556548377999085,0.05712003431626696,0.2383629519420271,592139
f,0.10131124663579603,0.04418547751307169,0.03166203003090084,0.0,0.25007022917365185,0.47090699845042727,0.011209482297717325,0.09065453589843502,110353
u,0.1550535300135094,0.08772518917061667,0.048134063205241336,0.00012494240935818647,0.39714506594616544,0.05869950569659298,0.052374296222834786,0.20074340733568122,128059
l,0.19455989844597776,0.14111095186421244,0.012955303945455663,4.094920251428104e-05,0.3896572551749555,0.048934297004565835,0.012571405171884278,0.20016993919043427,195364
o,0.10972434599330495,0.0730462454023226,0.01965710034892165,0.009301625349069247,0.3745180925616517,0.24527243637050639,0.03305309394907279,0.1354270600251507,338758
n,0.12300246967385778,0.058134185612939156,0.09482215926975134,0.006252875233045204,0.3876419457156001,0.13181278903658508,0.010747318466865208,0.18758625699135614,330408
c,0.16249556507737234,0.04524303375999563,0.008276247918997844,0.030348516688954996,0.5356636008842554,0.014471493681940995,5.458366310963129e-05,0.2034469583253732,146564
y,0.09235309966443775,0.21434344918803733,0.0016778112523575086,0.016324981017463932,0.3814265069684278,0.09020991010850662,0.13494746123888604,0.06871678056188307,81654
g,0.13846437319806637,0.03997312002774707,0.007955604690988705,0.0,0.4002406191064577,0.040027313520192495,0.014437146387461793,0.35890182306908586,92262
r,0.1447203644070129,0.07018068973109845,0.021781163129936974,0.003130762667547409,0.4701579831007624,0.08283103514711145,0.030636748960999643,0.1765612528555308,290664
a,0.11875376358162062,0.057544181175546535,0.11520617881921717,0.019209320591700486,0.3634821311690012,0.11760701662521272,0.006084566042675743,0.20211284199502552,381950
d,0.08972828982418753,0.02765050612679808,0.15327117741076185,5.327650506126798e-06,0.2873361747469366,0.019195524773574852,0.0034736281299946725,0.41933937133724025,187700
j,0.09672004132231404,0.11712293388429752,0.0,0.0,0.6775568181818182,0.0,0.00025826446280991736,0.10834194214876033,7744
s,0.09297627830703854,0.053120096910026386,0.025641851728948326,0.03013296132941999,0.49999194564275384,0.018547573866510306,0.05165742563411955,0.22793186658118308,310391
i,0.13836982158618993,0.03541362195951323,0.014183391454079788,0.02550463760147014,0.3872201883980379,0.10139055694627327,0.09083621525416372,0.20708156680027204,345545
v,0.1498591429963356,0.11338459257376458,8.47260172417445e-05,0.002499417508631463,0.3602550253118976,0.045349600728643746,0.02063078519836479,0.30793670966512043,47211
',0.00532609787961009,0.007938900613003718,0.0020098482564566375,0.019395035674806552,0.5602452014872877,0.005426590292432921,0.2291227012360567,0.17053562456034568,9951
p,0.1391684308224964,0.06438560448842957,0.00068828148627087,0.0,0.5486229156020899,0.016810753876797615,1.0428507367740455e-05,0.23031358521654796,95891
m,0.11327768466121244,0.05156906022336912,6.638012579033838e-05,0.013342405283858013,0.5043893858178862,0.07096865198559552,0.07502613717452994,0.17136029472775852,120518
k,0.07048132806730244,0.036059467617121026,0.03249526378319365,3.21099444497961e-05,0.4734290209677937,0.002504575667084096,6.42198888995922e-05,0.38493401406415567,31143
-,0.5111530744718518,0.011920217160391832,0.0,0.00023604390416617492,0.4487194618198985,0.009559778118730084,0.00011802195208308746,0.018293402572878554,8473
x,0.17373780229104793,0.04582095884599067,0.0,0.0,0.5003182011030971,0.056745863385659734,0.00010606703436571913,0.22327110733983876,9428
w,0.09372348009097389,0.11568620795003225,0.01054573022392704,0.06275388392907658,0.2149428018602125,0.11656879052242099,0.06292361134684364,0.3228554940765131,88377
b,0.12017379826201738,0.058533164668353316,0.07401550984490154,0.0,0.36769882301176987,0.1279012209877901,0.003671213287867121,0.24800626993730063,72728
.,0.056226840663766715,0.07104881585306912,0.0,0.0,0.8620911873690994,0.005155469631061705,0.0,0.005477686483003061,6207
z,0.07705856450902686,0.005724350506384853,0.0,0.0,0.5722148833113166,0.0,0.0,0.34500220167327167,4542
q,0.15209721677773422,0.131125049000392,0.0001960015680125441,0.0031360250882007056,0.5254802038416307,0.008232065856526851,0.0003920031360250882,0.17934143473147784,5102
1,0.9052819698173153,0.0,0.0,0.0,0.09471803018268467,0.0,0.0,0.0,5036
2,0.8679095596985323,0.0,0.0,0.0,0.13169377231257437,0.0003966679888932963,0.0,0.0,2521
9,0.9418493803622497,0.0,0.0,0.0,0.058150619637750235,0.0,0.0,0.0,2098
3,0.8768028846153846,0.0,0.0,0.0,0.12319711538461539,0.0,0.0,0.0,1664
7,0.8488372093023255,0.0,0.0,0.0,0.1511627906976744,0.0,0.0,0.0,1032
4,0.8687230989956959,0.0,0.0,0.0,0.13127690100430417,0.0,0.0,0.0,1394
6,0.9070921985815603,0.0,0.0,0.0,0.09290780141843971,0.0,0.0,0.0,1410
8,0.8687600644122383,0.0,0.0,0.0,0.13123993558776167,0.0,0.0,0.0,1242
$,0.0017271157167530224,0.0,0.0,0.0,0.998272884283247,0.0,0.0,0.0,579
0,0.7067838629704756,0.0,0.0,0.0,0.2932161370295244,0.0,0.0,0.0,4437
5,0.8338886244645407,0.0,0.0,0.0,0.1661113755354593,0.0,0.0,0.0,2101
",",0.5795981452859351,0.0015455950540958269,0.0,0.0,0.4188562596599691,0.0,0.0,0.0,647
&,0.0,0.0,0.975609756097561,0.0,0.024390243902439025,0.0,0.0,0.0,164
:,0.897196261682243,0.0,0.0,0.0,0.009345794392523364,0.09345794392523364,0.0,0.0,214
/,0.3940677966101695,0.0,0.07203389830508475,0.0,0.4449152542372881,0.0847457627118644,0.0,0.00423728813559322,236
%,0.0,0.0,0.0,0.0,1.0,0.0,0.0,0.0,147
!,0.0,0.0,0.0,0.0,1.0,0.0,0.0,0.0,1
*,0.0,0.0,0.0,0.0,1.0,0.0,0.0,0.0,173
+,0.0,0.0,0.0,0.0,1.0,0.0,0.0,0.0,1
(,0.6410256410256411,0.0,0.0,0.0,0.358974358974359,0.0,0.0,0.0,39
),0.6410256410256411,0.0,0.0,0.0,0.358974358974359,0.0,0.0,0.0,39
{,0.0,0.0,0.0,0.0,1.0,0.0,0.0,0.0,16
},0.0,0.0,0.0,0.0,1.0,0.0,0.0,0.0,16
?,0.0,0.0,0.0,0.0,1.0,0.0,0.0,0.0,2
